Analysis of graph: graph1.txt
0 4 0 0 0 0 0 8 0
4 0 8 0 0 0 0 11 0
0 8 0 7 0 4 0 0 2
0 0 7 0 9 14 0 0 0
0 0 0 9 0 10 0 0 0
0 0 4 14 10 0 2 0 0
0 0 0 0 0 2 0 1 6
8 11 0 0 0 0 1 0 7
0 0 2 0 0 0 6 7 0

Number of vertices = 9
Number of edges = 14
Symmetric = True

dfs:
[0, 1, 2, 3, 4, 5, 6, 7, 8]

bfs:
[0, 1, 7, 2, 6, 8, 3, 5, 4]

prim_mst:
Edges = [{0,1}, {1,2}, {2,3}, {3,4}, {2,5}, {5,6}, {6,7}, {2,8}]
Total Weight = 37

kruskal_mst:
Edges = [{6,7}, {5,6}, {2,8}, {0,1}, {2,5}, {2,3}, {1,2}, {3,4}]
Total Cost = 37

dijkstra:
Dist Array: [[0, 4, 12, 19, 21, 11, 9, 8, 14], [4, 0, 8, 15, 22, 12, 12, 11, 10], [12, 8, 0, 7, 14, 4, 6, 7, 2], [19, 15, 7, 0, 9, 11, 13, 14, 9], [21, 22, 14, 9, 0, 10, 12, 13, 16], [11, 12, 4, 11, 10, 0, 2, 3, 6], [9, 12, 6, 13, 12, 2, 0, 1, 6], [8, 11, 7, 14, 13, 3, 1, 0, 7], [14, 10, 2, 9, 16, 6, 6, 7, 0]]
Pred Array: [[-1, 0, 1, 2, 5, 6, 7, 0, 2], [1, -1, 1, 2, 5, 2, 7, 1, 2], [1, 2, -1, 2, 5, 2, 5, 6, 2], [1, 2, 3, -1, 3, 2, 5, 6, 2], [7, 2, 5, 4, -1, 4, 5, 6, 2], [7, 2, 5, 2, 5, -1, 5, 6, 2], [7, 7, 5, 2, 5, 6, -1, 6, 6], [7, 7, 5, 2, 5, 6, 7, -1, 7], [1, 2, 8, 2, 5, 2, 8, 8, -1]]

floyd_apsp:
Dist Array: [[0, 4, 12, 19, 21, 11, 9, 8, 14], [4, 0, 8, 15, 22, 12, 12, 11, 10], [12, 8, 0, 7, 14, 4, 6, 7, 2], [19, 15, 7, 0, 9, 11, 13, 14, 9], [21, 22, 14, 9, 0, 10, 12, 13, 16], [11, 12, 4, 11, 10, 0, 2, 3, 6], [9, 12, 6, 13, 12, 2, 0, 1, 6], [8, 11, 7, 14, 13, 3, 1, 0, 7], [14, 10, 2, 9, 16, 6, 6, 7, 0]]
Pred Array: [[-1, 0, 1, 2, 5, 6, 7, 0, 2], [1, -1, 1, 2, 5, 2, 7, 1, 2], [1, 2, -1, 2, 5, 2, 5, 6, 2], [1, 2, 3, -1, 3, 2, 5, 6, 2], [7, 2, 5, 4, -1, 4, 5, 6, 2], [7, 2, 5, 2, 5, -1, 5, 6, 2], [7, 7, 5, 2, 5, 6, -1, 6, 6], [7, 7, 5, 2, 5, 6, 7, -1, 7], [1, 2, 8, 2, 5, 2, 8, 8, -1]]

Analysis of graph: graph2.txt
0 0 0 0 0 0 0 8
0 0 8 0 0 0 0 11
0 8 0 7 0 4 0 0
0 0 7 0 9 14 0 0
0 0 0 9 0 10 0 0
0 0 4 14 10 0 2 0
0 0 0 0 0 2 0 1
8 11 0 0 0 0 1 0

Number of vertices = 8
Number of edges = 10
Symmetric = True

dfs:
[0, 7, 1, 2, 3, 4, 5, 6]

bfs:
[0, 7, 1, 6, 2, 5, 3, 4]

prim_mst:
Edges = [{2,1}, {5,2}, {2,3}, {3,4}, {6,5}, {7,6}, {0,7}]
Total Weight = 39

kruskal_mst:
Edges = [{6,7}, {5,6}, {2,5}, {2,3}, {1,2}, {0,7}, {3,4}]
Total Cost = 39

dijkstra:
Dist Array: [[0, 19, 15, 22, 21, 11, 9, 8], [19, 0, 8, 15, 22, 12, 12, 11], [15, 8, 0, 7, 14, 4, 6, 7], [22, 15, 7, 0, 9, 11, 13, 14], [21, 22, 14, 9, 0, 10, 12, 13], [11, 12, 4, 11, 10, 0, 2, 3], [9, 12, 6, 13, 12, 2, 0, 1], [8, 11, 7, 14, 13, 3, 1, 0]]
Pred Array: [[-1, 7, 5, 2, 5, 6, 7, 0], [7, -1, 1, 2, 5, 2, 7, 1], [7, 2, -1, 2, 5, 2, 5, 6], [7, 2, 3, -1, 3, 2, 5, 6], [7, 2, 5, 4, -1, 4, 5, 6], [7, 2, 5, 2, 5, -1, 5, 6], [7, 7, 5, 2, 5, 6, -1, 6], [7, 7, 5, 2, 5, 6, 7, -1]]

floyd_apsp:
Dist Array: [[0, 19, 15, 22, 21, 11, 9, 8], [19, 0, 8, 15, 22, 12, 12, 11], [15, 8, 0, 7, 14, 4, 6, 7], [22, 15, 7, 0, 9, 11, 13, 14], [21, 22, 14, 9, 0, 10, 12, 13], [11, 12, 4, 11, 10, 0, 2, 3], [9, 12, 6, 13, 12, 2, 0, 1], [8, 11, 7, 14, 13, 3, 1, 0]]
Pred Array: [[-1, 7, 5, 2, 5, 6, 7, 0], [7, -1, 1, 2, 5, 2, 7, 1], [7, 2, -1, 2, 5, 2, 5, 6], [7, 2, 3, -1, 3, 2, 5, 6], [7, 2, 5, 4, -1, 4, 5, 6], [7, 2, 5, 2, 5, -1, 5, 6], [7, 7, 5, 2, 5, 6, -1, 6], [7, 7, 5, 2, 5, 6, 7, -1]]

Analysis of graph: graph3.txt
0 9 12 0 0
9 0 8 18 20
12 8 0 0 15
0 18 0 0 0
0 20 15 0 0

Number of vertices = 5
Number of edges = 6
Symmetric = True

dfs:
[0, 1, 2, 4, 3]

bfs:
[0, 1, 2, 3, 4]

prim_mst:
Edges = [{0,1}, {1,2}, {1,3}, {2,4}]
Total Weight = 50

kruskal_mst:
Edges = [{1,2}, {0,1}, {2,4}, {1,3}]
Total Cost = 50

dijkstra:
Dist Array: [[0, 9, 12, 27, 27], [9, 0, 8, 18, 20], [12, 8, 0, 26, 15], [27, 18, 26, 0, 38], [27, 20, 15, 38, 0]]
Pred Array: [[-1, 0, 0, 1, 2], [1, -1, 1, 1, 1], [2, 2, -1, 1, 2], [1, 3, 1, -1, 1], [2, 4, 4, 1, -1]]

floyd_apsp:
Dist Array: [[0, 9, 12, 27, 27], [9, 0, 8, 18, 20], [12, 8, 0, 26, 15], [27, 18, 26, 0, 38], [27, 20, 15, 38, 0]]
Pred Array: [[-1, 0, 0, 1, 2], [1, -1, 1, 1, 1], [2, 2, -1, 1, 2], [1, 3, 1, -1, 1], [2, 4, 4, 1, -1]]

Analysis of graph: graph4.txt
0 2 0 6
2 0 3 8
0 3 0 0
6 8 0 0

Number of vertices = 4
Number of edges = 4
Symmetric = True

dfs:
[0, 1, 2, 3]

bfs:
[0, 1, 3, 2]

prim_mst:
Edges = [{0,1}, {1,2}, {0,3}]
Total Weight = 11

kruskal_mst:
Edges = [{0,1}, {1,2}, {0,3}]
Total Cost = 11

dijkstra:
Dist Array: [[0, 2, 5, 6], [2, 0, 3, 8], [5, 3, 0, 11], [6, 8, 11, 0]]
Pred Array: [[-1, 0, 1, 0], [1, -1, 1, 1], [1, 2, -1, 1], [3, 3, 1, -1]]

floyd_apsp:
Dist Array: [[0, 2, 5, 6], [2, 0, 3, 8], [5, 3, 0, 11], [6, 8, 11, 0]]
Pred Array: [[-1, 0, 1, 0], [1, -1, 1, 1], [1, 2, -1, 1], [3, 3, 1, -1]]

                  9         8         5    4
dfs          0.0000  0.000000  0.000000  0.0
bfs          0.0000  0.000000  0.000000  0.0
prim_mst     0.0000  0.000000  0.000000  0.0
kruskal_mst  0.0000  0.000000  0.000499  0.0
dijkstra     0.0005  0.000499  0.000123  0.0
floyd_apsp   0.0000  0.000129  0.000000  0.0